Cepheid	logP	F555W	sigma555W	F814W	sigma814W	F160W	sigma160W	${m}_{H}^{W}$	sigma	[Fe/H]	pi_R16	sigma_piR16	pi_EDR3	sigma_piEDR3	
AA-GEM	1.053	9.9130	0.029	8.542	0.025	7.348	0.017	6.860	0.023	-0.080	0.259	0.008	0.311	0.019	
AD-PUP	1.133	10.015	0.028	8.675	0.023	7.488	0.020	7.011	0.024	-0.060	0.214	0.006	0.254	0.018	
AQ-CAR	0.990	8.9836	0.020	7.854	0.009	6.766	0.007	6.373	0.011	0.013	0.354	0.010	0.361	0.017	
AQ-PUP	1.479	8.8671	0.018	7.120	0.014	5.487	0.013	4.859	0.016	0.060	0.340	0.010	0.294	0.025	
BK-AUR	0.903	9.5609	0.036	8.220	0.038	7.015	0.021	6.539	0.029	0.070	0.371	0.011	0.426	0.016	
BN-PUP	1.136	10.051	0.033	8.505	0.017	7.198	0.015	6.642	0.021	0.030	0.251	0.007	0.301	0.016	
CD-CYG	1.232	9.1207	0.011	7.468	0.012	5.900	0.012	5.307	0.014	0.120	0.398	0.011	0.394	0.018	
CP-CEP	1.252	10.757	0.015	8.638	0.052	6.871	0.022	6.095	0.030	0.050	0.270	0.008	0.279	0.022	
CR-CAR	0.989	11.750	0.019	9.973	0.018	8.384	0.014	7.736	0.017	-0.080	0.190	0.005	0.194	0.016	
DD-CAS	0.992	10.036	0.007	8.523	0.011	7.108	0.012	6.566	0.013	0.160	0.319	0.009	0.346	0.014	
DR-VEL	1.049	9.7083	0.034	7.770	0.020	6.183	0.021	5.479	0.026	0.024	0.488	0.015	0.520	0.015	
GQ-ORI	0.935	8.7199	0.020	7.632	0.024	6.523	0.032	6.146	0.034	0.250	0.418	0.013	0.408	0.023	
HW-CAR	0.964	9.2782	0.016	8.007	0.013	6.798	0.005	6.350	0.009	0.060	0.370	0.010	0.397	0.013	
KK-CEN	1.086	11.598	0.017	9.862	0.021	8.292	0.015	7.660	0.018	0.210	0.167	0.005	0.152	0.017	
KN-CEN	1.532	10.062	0.023	7.924	0.017	5.856	0.006	5.076	0.013	0.550	0.273	0.008	0.251	0.020	
RW-CAS	1.170	9.3719	0.021	7.863	0.016	6.483	0.022	5.944	0.024	0.280	0.322	0.010	0.334	0.021	
RY-CAS	1.084	10.075	0.019	8.333	0.040	6.715	0.010	6.085	0.020	0.320	0.342	0.010	0.359	0.016	
RY-SCO	1.308	8.2067	0.012	6.206	0.010	4.408	0.010	3.685	0.012	0.010	0.757	0.021	0.764	0.035	
RY-VEL	1.449	8.5234	0.036	6.757	0.016	5.211	0.017	4.576	0.023	0.090	0.403	0.012	0.376	0.023	
S-NOR	0.989	6.5779	0.011	5.410	0.012	4.391	0.012	3.990	0.014	0.100	1.054	0.030	1.099	0.024	
S-VUL^g	1.839	9.1668	0.008	6.862	0.012	4.885	0.010	4.043	0.011	0.090	0.287	0.008	0.237	0.022	
SS-CMA	1.092	10.121	0.012	8.444	0.008	6.894	0.011	6.289	0.012	0.012	0.315	0.009	0.308	0.014	
SV-VEL	1.149	8.7316	0.026	7.302	0.009	6.024	0.010	5.517	0.015	0.090	0.411	0.012	0.434	0.019	
SV-VUL^g	1.653	7.2675	0.047	5.648	0.033	4.214	0.027	3.639	0.035	0.110	0.457	0.015	0.402	0.023	
SZ-CYG	1.179	9.6209	0.013	7.756	0.017	6.004	0.008	5.329	0.012	0.150	0.426	0.012	0.445	0.014	
T-MON	1.432	6.0680	0.023	4.828	0.016	3.725	0.021	3.298	0.024	0.040	0.749	0.022	0.745	0.057	
U-CAR	1.589	6.3852	0.038	4.967	0.023	3.768	0.019	3.272	0.026	0.250	0.589	0.018	0.561	0.025	
UU-MUS	1.066	9.9212	0.024	8.457	0.025	7.108	0.010	6.584	0.017	0.190	0.282	0.008	0.306	0.013	
V-339-CEN	0.976	8.8402	0.024	7.321	0.016	5.990	0.024	5.448	0.026	-0.080	0.557	0.017	0.568	0.023	
V-340-ARA	1.318	10.460	0.024	8.554	0.014	6.808	0.012	6.115	0.016	-0.080	0.245	0.007	0.239	0.022	
VW-CEN	1.177	10.379	0.031	8.718	0.023	7.158	0.010	6.558	0.018	0.410	0.238	0.007	0.260	0.017	
VX-PER	1.037	9.4589	0.008	7.906	0.006	6.470	0.009	5.914	0.010	0.030	0.407	0.011	0.392	0.019	
VY-CAR	1.276	7.6162	0.014	6.253	0.007	4.991	0.004	4.513	0.007	0.080	0.539	0.015	0.565	0.018	
VZ-PUP	1.365	9.7715	0.033	8.262	0.022	6.931	0.017	6.390	0.023	-0.010	0.200	0.006	0.220	0.016	
WX-PUP	0.951	9.1909	0.030	7.944	0.012	6.807	0.010	6.368	0.016	-0.010	0.376	0.011	0.387	0.017	
WZ-SGR	1.339	8.2021	0.012	6.481	0.013	4.858	0.009	4.242	0.011	0.280	0.547	0.015	0.612	0.031	
X-CYG	1.214	6.5295	0.020	5.230	0.049	4.080	0.033	3.629	0.039	0.160	0.883	0.029	0.910	0.022	
X-PUP	1.414	8.6949	0.019	7.128	0.010	5.628	0.008	5.069	0.012	0.020	0.341	0.010	0.397	0.022	
XX-CAR	1.196	9.4627	0.027	8.067	0.015	6.833	0.022	6.337	0.025	0.010	0.264	0.008	0.305	0.016	
XY-CAR	1.095	9.4660	0.011	7.927	0.009	6.455	0.006	5.904	0.008	0.012	0.375	0.010	0.390	0.015	
XZ-CAR	1.221	8.7725	0.017	7.217	0.006	5.770	0.007	5.215	0.010	0.026	0.425	0.012	0.473	0.020	
YZ-CAR	1.259	8.8644	0.016	7.401	0.007	5.991	0.013	5.471	0.015	-0.030	0.359	0.010	0.358	0.020	
YZ-SGR	0.980	7.4662	0.021	6.176	0.014	5.103	0.020	4.653	0.022	0.120	0.786	0.023	0.860	0.027	
Z-LAC	1.037	8.5686	0.022	7.157	0.015	5.917	0.018	5.417	0.021	0.070	0.509	0.015	0.510	0.023	
AG-CRU	0.584	8.3175	0.013	7.307	0.011	6.414	0.027	6.068	0.028	0.020	0.748	0.023	0.758	0.022	
AP-PUP	0.706	7.4560	0.016	6.412	0.014	5.534	0.027	5.177	0.028	-0.020	0.941	0.029	0.924	0.022	
AP-SGR	0.704	7.1056	0.028	6.036	0.013	5.094	0.027	4.729	0.030	0.160	1.145	0.035	1.217	0.026	
BF-OPH	0.609	7.5091	0.018	6.347	0.010	5.374	0.027	4.972	0.028	0.110	1.184	0.036	1.189	0.026	
BG-VEL	0.840	7.7827	0.010	6.299	0.009	5.054	0.019	4.529	0.020	0.040	1.033	0.030	1.045	0.019	
ER-CAR	0.888	6.9095	0.011	5.916	0.012	5.078	0.027	4.742	0.028	0.120	0.867	0.026	0.869	0.016	
R-CRU	0.765	6.8479	0.017	5.856	0.016	4.984	0.027	4.649	0.028	0.100	1.088	0.033	1.078	0.031	
R-MUS	0.876	6.4568	0.009	5.447	0.008	4.609	0.019	4.268	0.020	-0.110	1.117	0.033	1.076	0.019	
R-TRA	0.530	6.7236	0.013	5.794	0.014	5.025	0.019	4.714	0.020	0.160	1.497	0.044	1.560	0.018	
RV-SCO	0.783	7.1616	0.010	5.871	0.007	4.773	0.019	4.323	0.020	0.080	1.234	0.036	1.257	0.023	
RY-CMA	0.670	8.2358	0.015	7.111	0.013	6.045	0.027	5.656	0.028	0.140	0.787	0.024	0.825	0.032	
S-CRU^h	0.671	6.6700	0.050	5.698	0.011	4.843	0.027	4.516	0.033	0.080	1.335	0.042	1.342	0.026	
S-TRA	0.801	6.5171	0.013	5.553	0.012	4.752	0.027	4.429	0.028	0.010	1.150	0.035	1.120	0.024	
SS-SCT	0.565	8.3122	0.010	7.073	0.005	6.034	0.019	5.600	0.019	0.110	0.948	0.028	0.934	0.025	
T-VEL	0.667	8.1205	0.009	6.915	0.007	5.839	0.019	5.419	0.020	-0.160	0.904	0.026	0.940	0.018	
TX-CYG	1.168	9.6108	0.024	7.083	0.015	4.789	0.027	3.862	0.029	0.260	0.844	0.026	0.829	0.020	
U-SGR	0.829	6.8864	0.018	5.388	0.011	4.143	0.027	3.615	0.028	0.140	1.588	0.049	1.605	0.025	
V-CAR	0.826	7.4753	0.009	6.403	0.008	5.463	0.019	5.096	0.020	0.080	0.810	0.024	0.797	0.015	
V-VEL	0.641	7.5198	0.013	6.555	0.010	5.693	0.027	5.366	0.028	0	0.951	0.029	0.953	0.019	
V0386-CYG	0.721	9.8126	0.015	7.748	0.014	5.944	0.027	5.192	0.028	0.170	0.901	0.028	0.894	0.014	
V0482-SCO	0.656	8.0697	0.013	6.773	0.013	5.697	0.027	5.242	0.028	0.019	0.982	0.030	0.993	0.028	
V0636-SCO	0.832	6.8167	0.009	5.618	0.008	4.568	0.020	4.154	0.021	0.070	1.239	0.036	1.180	0.037	
W-GEM	0.898	7.0841	0.057	5.899	0.018	4.863	0.027	4.454	0.036	-0.010	0.984	0.032	1.006	0.031	
